403
182
139
220
178
134
220
153
73
105
53
37
91
256
206
187
161
327
159
126
321
47
28
129
38
220
293
125
163
53
66
150
167
209
391
347
352
138
107
412
183
59
307
43
184
604
81
189
283
90
221
261
42
312
86
187
360
314
117
153
227
215
434
109
28
88
103
77
65
94
41
342
142
44
51
318
59
301
205
435
89
249
111
395
231
250
164
90
40
116
38
192
82
41
457
437
295
91
220
64
33
230
194
117
419
80
186
256
77
103
70
78
112
115
114
199
31
349
138
85
46
249
121
495
33
185
63
292
384
112
382
208
234
80
279
183
36
83
430
46
189
180
37
132
218
358
139
70
70
306
33
310
33
177
72
85
335
86
32
183
59
208

