67
71
32
275
167
104
45
181
29
189
20
53
163
201
115
23
27
111
88
214
46
156
96
398
173
192
220
143
65
86
92
15
142
230
228
50
17
111
15
20
28
30
230
169
124
185
12
29
48
139
260
10
203
175
226
98
205
22
209
36
169
112
33
59
142
161
191
81
190
132
75
156
97
156
264
42
62
179
143
65
24
231
58
121
264
78
136
228
143
179
166
101
120
122
300
120
244
90
162
24
11
124
145
161
26
190
40
147
23
123
70
164
21
141
44
16
9
237
106
46
27
179
59
100
128
219
43
108
66
251
191
128
67
32
177
27
14
12
297
110
14
217
68
38
37
70
207
136
100
79
213
293
88
44
37
35
171
180
65
290
71
86
110
28
75
88
199
45
73
162
199
31
244
59
185
172
38
140
64
157
44
187
251
195
75
175
190
20
65
111
20
217
186
287
50
255
76
152
146
55
107
43
31
81
18
206
164
104
103
87
142
89
66
69
73
169
41
118
220

