34
264
135
119
45
213
57
201
168
207
94
5
61
15
176
88
119
118
311
289
72
52
43
63
46
263
163
99
340
198
106
31
215
132
189
346
67
166
36
137
141
57
330
183
139
52
39
41
180
137
49
75
63
180
29
52
197
60
71
193
193
324
136
37
105
230
113
92
185
157
82
205
11
66
78
190
55
270
29
115
59
270
209
113
19
36
310
65
39
35
50
149
120
71
53
123
75
20
69
73
133
292
62
80
15
4
54
187
94
86
179
23
51
21
295
212
214
166
6
107
85
109
34
300
313
73
114
308
13
148
396
131
43
294
193
400
180
110
98
187
177
45
321
75
174
232
81
5
169
85
98
70
60
65
120
102
59
396
16
146
9
90
90
197
88
73
279
111
432
142
94
10
128
333
59
92
58
61
260
35
166
81
114
317
161
177
163
32
82
303
199

