37
55
255
153
68
95
188
92
84
106
198
90
184
94
184
21
90
114
43
150
80
235
167
136
230
302
82
141
94
145
59
69
116
144
141
63
85
195
147
96
159
129
40
213
63
99
196
146
89
97
234
46
169
270
91
77
88
283
26
136
64
301
33
148
167
151
129
66
51
38
30
177
34
52
153
124
144
172
198
185
85
209
115
135
279
43
116
157
255
288
104
19
28
36
83
124
85
233
24
148
44
147
104
24
143
284
132
109
58
201
21
62
35
89
222
189
45
30
39
183
132
158
315
224
34
263
132
35
181
187
211
50
23
48
71
66
74
61
29
184
105
37
169
122
270
137
227
101
211
109
179
179
31
312
63
80
154
283
117
200
87
239
43
87
268
33
299
241
253
44
78
136
106
49
304
33
64
188
